mean: 0.000073333
max: 0.000941134
min: 0.000018968
median: 0.000055683
