mean: 0.000103762
max: 0.001246244
min: 0.000042286
median: 0.000061824
