mean: 0.000063541
max: 0.000868299
min: 0.000021053
median: 0.000051657
