mean: 0.000130345
max: 0.001338583
min: 0.000068075
median: 0.000100093
