mean: 0.000083949
max: 0.000984516
min: 0.000024651
median: 0.000064770
