mean: 0.000041893
max: 0.001154787
min: 0.000022669
median: 0.000034742
