mean: 0.000085297
max: 0.002411489
min: 0.000044299
median: 0.000075520
