mean: 0.000042614
max: 0.000940697
min: 0.000020368
median: 0.000034925
