mean: 0.000125843
max: 0.000748116
min: 0.000068688
median: 0.000118999
