mean: 0.000048906
max: 0.001059442
min: 0.000025449
median: 0.000043573
